-7638.9819336 -3973.5886230 -3335.3967285
-10128.5771484 -4569.6625977 -3354.4536133
-7314.8740234 -4054.0734863 -3293.7451172
-7128.7919922 -4121.6118164 -3347.5446777
-8481.3251953 -4263.4174805 -3148.7131348
-7351.8115234 -4027.1955566 -3415.9829102
-5986.5019531 -3954.7399902 -3507.3513184
-7721.6469727 -4045.2263184 -3350.0734863
-7759.0380859 -4266.0478516 -3410.8071289
-6858.7714844 -3965.8098145 -3365.2360840
-7033.8154297 -4198.0302734 -3462.6652832
-8134.4990234 -4345.0307617 -3229.9055176
-6766.8798828 -4069.0888672 -3483.6784668
-6612.8813477 -4112.3344727 -3400.4489746
-6838.3872070 -4090.1845703 -3318.8437500
-7989.8398438 -4073.4553223 -3292.3334961
-6711.8583984 -3969.3774414 -3323.9897461
-7326.4003906 -4123.1655273 -3368.4543457
-6196.3671875 -4120.9594727 -3396.0559082
-6140.6196289 -4113.1743164 -3494.0549316
-4631.5273438 -4018.2375488 -3869.9938965
-8623.5283203 -4250.5312500 -3394.8164062
-8769.0205078 -4204.7309570 -3232.0102539
-8030.8251953 -4108.1025391 -3306.9650879
-8185.7583008 -4139.8603516 -3332.2641602
-7089.3764648 -3968.7834473 -3288.5690918
-9221.0419922 -4236.9687500 -3108.4650879
-7348.0913086 -3973.7868652 -3371.4165039
-6395.5180664 -3966.9106445 -3517.8449707
-6620.2231445 -4035.7978516 -3412.1337891
-7160.6235352 -4151.8261719 -3342.4970703
-6749.2397461 -4255.4360352 -3355.2009277
-7020.0454102 -4209.5903320 -3363.9648438
-7336.3286133 -4320.8925781 -3389.4538574
-7141.1372070 -4214.3173828 -3381.0168457
-6975.7055664 -4112.4785156 -3376.6447754
-7395.9389648 -3995.2270508 -3314.5224609
-6553.4809570 -4037.0187988 -3375.0187988
-7268.5366211 -3990.4331055 -3458.8686523
-7409.2226562 -4294.8237305 -3360.9726562
-10195.5234375 -4314.2255859 -3149.0053711
-7057.2709961 -4044.4741211 -3330.9335938
-7701.4443359 -4219.9550781 -3305.9782715
-8049.4863281 -4188.0244141 -3221.6494141
-7660.1391602 -4133.5747070 -3147.0456543
-7042.9848633 -4123.3930664 -3259.6701660
-8570.6210938 -4217.7905273 -3133.0358887
-8341.9921875 -4224.5263672 -3147.6013184
-7359.6220703 -4120.6708984 -3277.8410645
-6894.5327148 -3999.0119629 -3296.3928223
-7449.8403320 -4083.9831543 -3314.0876465
-6877.8037109 -4016.4006348 -3354.5095215
-7286.3525391 -4118.1015625 -3279.4287109
-8320.9726562 -4092.5476074 -3218.0905762
-8268.0917969 -4060.7744141 -3102.5871582
-6621.8232422 -4073.7292480 -3339.5844727
-5829.4096680 -4049.3562012 -3581.3825684
-6938.2846680 -3902.1904297 -3386.8632812
-6965.8115234 -4078.8278809 -3360.1079102
-6872.4633789 -4048.2475586 -3469.9875488
-6258.4809570 -3992.3005371 -3529.2617188
-6603.9262695 -3966.8139648 -3338.2324219
-7600.1538086 -4109.3334961 -3362.8562012
